{"chopin": [[0.20984455958549222, 0.03367875647668394, 0.038860103626943004, 0.04404145077720207, 0.04404145077720207, 0.025906735751295335, 0.02849740932642487, 0.038860103626943004, 0.025906735751295335, 0.025906735751295335, 0.08031088082901554, 0.025906735751295335, 0.06476683937823834, 0.025906735751295335, 0.025906735751295335, 0.025906735751295335, 0.025906735751295335, 0.03367875647668394, 0.025906735751295335, 0.025906735751295335, 0.04404145077720207, 0.025906735751295335, 0.02849740932642487, 0.025906735751295335], [0.027227722772277228, 0.2376237623762376, 0.027227722772277228, 0.027227722772277228, 0.039603960396039604, 0.024752475247524754, 0.027227722772277228, 0.027227722772277228, 0.04455445544554455, 0.024752475247524754, 0.024752475247524754, 0.07673267326732673, 0.04207920792079208, 0.0594059405940594, 0.024752475247524754, 0.024752475247524754, 0.024752475247524754, 0.024752475247524754, 0.0594059405940594, 0.024752475247524754, 0.024752475247524754, 0.024752475247524754, 0.0297029702970297, 0.027227722772277228], [0.03313253012048193, 0.03614457831325301, 0.09036144578313253, 0.03313253012048193, 0.03313253012048193, 0.03614457831325301, 0.03313253012048193, 0.030120481927710843, 0.05120481927710843, 0.03313253012048193, 0.030120481927710843, 0.030120481927710843, 0.045180722891566265, 0.04216867469879518, 0.030120481927710843, 0.06927710843373494, 0.08433734939759036, 0.030120481927710843, 0.030120481927710843, 0.030120481927710843, 0.030120481927710843, 0.0783132530120482, 0.030120481927710843, 0.030120481927710843], [0.0395778364116095, 0.026385224274406333, 0.026385224274406333, 0.2770448548812665, 0.0316622691292876, 0.026385224274406333, 0.0395778364116095, 0.029023746701846966, 0.026385224274406333, 0.029023746701846966, 0.026385224274406333, 0.026385224274406333, 0.0316622691292876, 0.0316622691292876, 0.026385224274406333, 0.029023746701846966, 0.029023746701846966, 0.0712401055408971, 0.026385224274406333, 0.026385224274406333, 0.026385224274406333, 0.026385224274406333, 0.04221635883905013, 0.029023746701846966], [0.029339853300733496, 0.061124694376528114, 0.04645476772616137, 0.02444987775061125, 0.2762836185819071, 0.029339853300733496, 0.02444987775061125, 0.02689486552567237, 0.02689486552567237, 0.029339853300733496, 0.02689486552567237, 0.034229828850855744, 0.02444987775061125, 0.029339853300733496, 0.03178484107579462, 0.044009779951100246, 0.034229828850855744, 0.02444987775061125, 0.029339853300733496, 0.029339853300733496, 0.02444987775061125, 0.034229828850855744, 0.02444987775061125, 0.034229828850855744], [0.026385224274406333, 0.026385224274406333, 0.029023746701846966, 0.026385224274406333, 0.026385224274406333, 0.1820580474934037, 0.0633245382585752, 0.026385224274406333, 0.029023746701846966, 0.044854881266490766, 0.026385224274406333, 0.026385224274406333, 0.029023746701846966, 0.029023746701846966, 0.0316622691292876, 0.0870712401055409, 0.052770448548812667, 0.026385224274406333, 0.05013192612137203, 0.0395778364116095, 0.0395778364116095, 0.029023746701846966, 0.026385224274406333, 0.026385224274406333], [0.023214285714285715, 0.017857142857142856, 0.017857142857142856, 0.02142857142857143, 0.023214285714285715, 0.025, 0.3732142857142857, 0.023214285714285715, 0.02857142857142857, 0.023214285714285715, 0.03214285714285714, 0.019642857142857142, 0.019642857142857142, 0.017857142857142856, 0.025, 0.026785714285714284, 0.039285714285714285, 0.04285714285714286, 0.025, 0.04642857142857143, 0.06607142857142857, 0.026785714285714284, 0.017857142857142856, 0.017857142857142856], [0.05307262569832402, 0.027932960893854747, 0.030726256983240222, 0.0335195530726257, 0.027932960893854747, 0.027932960893854747, 0.05027932960893855, 0.20391061452513967, 0.027932960893854747, 0.027932960893854747, 0.027932960893854747, 0.027932960893854747, 0.07541899441340782, 0.0335195530726257, 0.036312849162011177, 0.030726256983240222, 0.027932960893854747, 0.0335195530726257, 0.027932960893854747, 0.036312849162011177, 0.04748603351955307, 0.027932960893854747, 0.027932960893854747, 0.027932960893854747], [0.023474178403755867, 0.03755868544600939, 0.028169014084507043, 0.023474178403755867, 0.023474178403755867, 0.023474178403755867, 0.04929577464788732, 0.023474178403755867, 0.3192488262910798, 0.025821596244131457, 0.023474178403755867, 0.023474178403755867, 0.03051643192488263, 0.04929577464788732, 0.028169014084507043, 0.023474178403755867, 0.025821596244131457, 0.025821596244131457, 0.04460093896713615, 0.03990610328638498, 0.028169014084507043, 0.023474178403755867, 0.028169014084507043, 0.028169014084507043], [0.024096385542168676, 0.02650602409638554, 0.024096385542168676, 0.024096385542168676, 0.02891566265060241, 0.03132530120481928, 0.033734939759036145, 0.024096385542168676, 0.02891566265060241, 0.22409638554216868, 0.03855421686746988, 0.02891566265060241, 0.024096385542168676, 0.024096385542168676, 0.06265060240963856, 0.03132530120481928, 0.02891566265060241, 0.024096385542168676, 0.024096385542168676, 0.060240963855421686, 0.07710843373493977, 0.02650602409638554, 0.03614457831325301, 0.043373493975903614], [0.06682577565632458, 0.026252983293556086, 0.02386634844868735, 0.02386634844868735, 0.026252983293556086, 0.02386634844868735, 0.028639618138424822, 0.03341288782816229, 0.026252983293556086, 0.026252983293556086, 0.28162291169451076, 0.02386634844868735, 0.02386634844868735, 0.045346062052505964, 0.050119331742243436, 0.028639618138424822, 0.02386634844868735, 0.03818615751789976, 0.02386634844868735, 0.02386634844868735, 0.028639618138424822, 0.02386634844868735, 0.028639618138424822, 0.050119331742243436], [0.03858520900321544, 0.0707395498392283, 0.03215434083601286, 0.03215434083601286, 0.04501607717041801, 0.03536977491961415, 0.03215434083601286, 0.03215434083601286, 0.03536977491961415, 0.03215434083601286, 0.03215434083601286, 0.1189710610932476, 0.04823151125401929, 0.03536977491961415, 0.03536977491961415, 0.03215434083601286, 0.03215434083601286, 0.03215434083601286, 0.08038585209003216, 0.03536977491961415, 0.03215434083601286, 0.03215434083601286, 0.03215434083601286, 0.03536977491961415], [0.06726457399103139, 0.04484304932735426, 0.026905829596412557, 0.02466367713004484, 0.02242152466367713, 0.02242152466367713, 0.02466367713004484, 0.042600896860986545, 0.026905829596412557, 0.02242152466367713, 0.026905829596412557, 0.02466367713004484, 0.226457399103139, 0.02466367713004484, 0.03139013452914798, 0.02466367713004484, 0.026905829596412557, 0.026905829596412557, 0.0515695067264574, 0.02242152466367713, 0.02466367713004484, 0.11210762331838565, 0.02466367713004484, 0.026905829596412557], [0.027700831024930747, 0.055401662049861494, 0.04155124653739612, 0.055401662049861494, 0.027700831024930747, 0.030470914127423823, 0.027700831024930747, 0.027700831024930747, 0.04709141274238227, 0.0332409972299169, 0.05263157894736842, 0.038781163434903045, 0.038781163434903045, 0.1883656509695291, 0.027700831024930747, 0.027700831024930747, 0.030470914127423823, 0.030470914127423823, 0.036011080332409975, 0.027700831024930747, 0.027700831024930747, 0.027700831024930747, 0.0443213296398892, 0.027700831024930747], [0.025839793281653745, 0.028423772609819122, 0.031007751937984496, 0.025839793281653745, 0.028423772609819122, 0.03359173126614987, 0.031007751937984496, 0.025839793281653745, 0.028423772609819122, 0.05426356589147287, 0.03875968992248062, 0.031007751937984496, 0.04909560723514212, 0.025839793281653745, 0.21705426356589147, 0.025839793281653745, 0.025839793281653745, 0.025839793281653745, 0.025839793281653745, 0.04392764857881137, 0.05426356589147287, 0.041343669250646, 0.028423772609819122, 0.05426356589147287], [0.02506265664160401, 0.02506265664160401, 0.05263157894736842, 0.02506265664160401, 0.05263157894736842, 0.08020050125313283, 0.047619047619047616, 0.02756892230576441, 0.02756892230576441, 0.02506265664160401, 0.02756892230576441, 0.02506265664160401, 0.03007518796992481, 0.03007518796992481, 0.02506265664160401, 0.18546365914786966, 0.07518796992481203, 0.03007518796992481, 0.02756892230576441, 0.03258145363408521, 0.02506265664160401, 0.042606516290726815, 0.02506265664160401, 0.03007518796992481], [0.016366612111292964, 0.016366612111292964, 0.04091653027823241, 0.022913256955810146, 0.02127659574468085, 0.03600654664484452, 0.03764320785597381, 0.016366612111292964, 0.016366612111292964, 0.019639934533551555, 0.016366612111292964, 0.016366612111292964, 0.016366612111292964, 0.024549918166939442, 0.016366612111292964, 0.05237315875613748, 0.4582651391162029, 0.01800327332242226, 0.02127659574468085, 0.02127659574468085, 0.01800327332242226, 0.029459901800327332, 0.031096563011456628, 0.016366612111292964], [0.031630170316301706, 0.029197080291970802, 0.024330900243309004, 0.051094890510948905, 0.024330900243309004, 0.024330900243309004, 0.038929440389294405, 0.038929440389294405, 0.024330900243309004, 0.029197080291970802, 0.038929440389294405, 0.024330900243309004, 0.031630170316301706, 0.0267639902676399, 0.0267639902676399, 0.024330900243309004, 0.0413625304136253, 0.30413625304136255, 0.024330900243309004, 0.0267639902676399, 0.0413625304136253, 0.024330900243309004, 0.024330900243309004, 0.024330900243309004], [0.03305785123966942, 0.07162534435261708, 0.030303030303030304, 0.027548209366391185, 0.05785123966942149, 0.06060606060606061, 0.03581267217630854, 0.027548209366391185, 0.05509641873278237, 0.027548209366391185, 0.027548209366391185, 0.04132231404958678, 0.03581267217630854, 0.03305785123966942, 0.030303030303030304, 0.027548209366391185, 0.05234159779614325, 0.027548209366391185, 0.14325068870523416, 0.03856749311294766, 0.027548209366391185, 0.027548209366391185, 0.027548209366391185, 0.03305785123966942], [0.027989821882951654, 0.02544529262086514, 0.02544529262086514, 0.02544529262086514, 0.027989821882951654, 0.04071246819338423, 0.043256997455470736, 0.027989821882951654, 0.05597964376590331, 0.06615776081424936, 0.02544529262086514, 0.02544529262086514, 0.02544529262086514, 0.02544529262086514, 0.02544529262086514, 0.027989821882951654, 0.03816793893129771, 0.027989821882951654, 0.02544529262086514, 0.21628498727735368, 0.0737913486005089, 0.027989821882951654, 0.03816793893129771, 0.030534351145038167], [0.027417027417027416, 0.01443001443001443, 0.017316017316017316, 0.015873015873015872, 0.017316017316017316, 0.023088023088023088, 0.06060606060606061, 0.030303030303030304, 0.01443001443001443, 0.04184704184704185, 0.015873015873015872, 0.01443001443001443, 0.015873015873015872, 0.01443001443001443, 0.024531024531024532, 0.023088023088023088, 0.015873015873015872, 0.017316017316017316, 0.015873015873015872, 0.02886002886002886, 0.48484848484848486, 0.020202020202020204, 0.021645021645021644, 0.024531024531024532], [0.024691358024691357, 0.024691358024691357, 0.05925925925925926, 0.024691358024691357, 0.037037037037037035, 0.037037037037037035, 0.02962962962962963, 0.04938271604938271, 0.024691358024691357, 0.024691358024691357, 0.027160493827160494, 0.024691358024691357, 0.1111111111111111, 0.024691358024691357, 0.03950617283950617, 0.044444444444444446, 0.0345679012345679, 0.024691358024691357, 0.024691358024691357, 0.024691358024691357, 0.02962962962962963, 0.20246913580246914, 0.024691358024691357, 0.027160493827160494], [0.030120481927710843, 0.030120481927710843, 0.030120481927710843, 0.045180722891566265, 0.030120481927710843, 0.030120481927710843, 0.030120481927710843, 0.030120481927710843, 0.03614457831325301, 0.060240963855421686, 0.03313253012048193, 0.0391566265060241, 0.030120481927710843, 0.0391566265060241, 0.030120481927710843, 0.030120481927710843, 0.045180722891566265, 0.0391566265060241, 0.04216867469879518, 0.03313253012048193, 0.0572289156626506, 0.030120481927710843, 0.16566265060240964, 0.03313253012048193], [0.02577319587628866, 0.028350515463917526, 0.028350515463917526, 0.02577319587628866, 0.041237113402061855, 0.02577319587628866, 0.030927835051546393, 0.02577319587628866, 0.02577319587628866, 0.05670103092783505, 0.04896907216494845, 0.02577319587628866, 0.030927835051546393, 0.028350515463917526, 0.05670103092783505, 0.02577319587628866, 0.02577319587628866, 0.02577319587628866, 0.028350515463917526, 0.02577319587628866, 0.041237113402061855, 0.02577319587628866, 0.030927835051546393, 0.2654639175257732]], "mozart": [[0.43892045454545453, 0.02556818181818182, 0.015625, 0.03551136363636364, 0.014204545454545454, 0.014204545454545454, 0.014204545454545454, 0.026988636363636364, 0.014204545454545454, 0.014204545454545454, 0.07670454545454546, 0.02556818181818182, 0.10795454545454546, 0.014204545454545454, 0.014204545454545454, 0.014204545454545454, 0.014204545454545454, 0.022727272727272728, 0.015625, 0.014204545454545454, 0.014204545454545454, 0.019886363636363636, 0.018465909090909092, 0.014204545454545454], [0.05277777777777778, 0.18888888888888888, 0.027777777777777776, 0.027777777777777776, 0.03333333333333333, 0.027777777777777776, 0.027777777777777776, 0.027777777777777776, 0.08333333333333333, 0.03333333333333333, 0.027777777777777776, 0.030555555555555555, 0.075, 0.044444444444444446, 0.027777777777777776, 0.027777777777777776, 0.027777777777777776, 0.027777777777777776, 0.03611111111111111, 0.027777777777777776, 0.027777777777777776, 0.027777777777777776, 0.03333333333333333, 0.027777777777777776], [0.039525691699604744, 0.04743083003952569, 0.05138339920948617, 0.039525691699604744, 0.039525691699604744, 0.039525691699604744, 0.039525691699604744, 0.039525691699604744, 0.04743083003952569, 0.04743083003952569, 0.039525691699604744, 0.039525691699604744, 0.039525691699604744, 0.05533596837944664, 0.039525691699604744, 0.039525691699604744, 0.039525691699604744, 0.039525691699604744, 0.039525691699604744, 0.039525691699604744, 0.039525691699604744, 0.039525691699604744, 0.039525691699604744, 0.039525691699604744], [0.09570957095709572, 0.036303630363036306, 0.036303630363036306, 0.11221122112211221, 0.033003300330033, 0.033003300330033, 0.033003300330033, 0.033003300330033, 0.033003300330033, 0.033003300330033, 0.052805280528052806, 0.033003300330033, 0.039603960396039604, 0.039603960396039604, 0.033003300330033, 0.033003300330033, 0.036303630363036306, 0.0429042904290429, 0.033003300330033, 0.033003300330033, 0.033003300330033, 0.033003300330033, 0.0429042904290429, 0.036303630363036306], [0.017271157167530225, 0.018998272884283247, 0.017271157167530225, 0.017271157167530225, 0.31951640759930916, 0.018998272884283247, 0.018998272884283247, 0.017271157167530225, 0.027633851468048358, 0.04145077720207254, 0.018998272884283247, 0.03454231433506045, 0.017271157167530225, 0.017271157167530225, 0.10189982728842832, 0.02072538860103627, 0.018998272884283247, 0.017271157167530225, 0.12435233160621761, 0.017271157167530225, 0.017271157167530225, 0.017271157167530225, 0.025906735751295335, 0.03626943005181347], [0.03484320557491289, 0.03484320557491289, 0.03484320557491289, 0.03484320557491289, 0.03484320557491289, 0.08710801393728224, 0.041811846689895474, 0.03484320557491289, 0.04878048780487805, 0.03484320557491289, 0.03484320557491289, 0.03484320557491289, 0.03484320557491289, 0.03484320557491289, 0.04878048780487805, 0.03484320557491289, 0.03832752613240418, 0.03484320557491289, 0.06968641114982578, 0.07317073170731707, 0.03484320557491289, 0.03484320557491289, 0.03484320557491289, 0.03484320557491289], [0.038461538461538464, 0.038461538461538464, 0.038461538461538464, 0.038461538461538464, 0.038461538461538464, 0.046153846153846156, 0.06923076923076923, 0.038461538461538464, 0.046153846153846156, 0.046153846153846156, 0.038461538461538464, 0.038461538461538464, 0.038461538461538464, 0.038461538461538464, 0.038461538461538464, 0.038461538461538464, 0.038461538461538464, 0.038461538461538464, 0.038461538461538464, 0.05384615384615385, 0.046153846153846156, 0.038461538461538464, 0.038461538461538464, 0.038461538461538464], [0.06569343065693431, 0.040145985401459854, 0.0364963503649635, 0.0364963503649635, 0.0364963503649635, 0.0364963503649635, 0.0364963503649635, 0.07664233576642336, 0.0364963503649635, 0.0364963503649635, 0.0364963503649635, 0.0364963503649635, 0.07664233576642336, 0.0364963503649635, 0.0364963503649635, 0.0364963503649635, 0.0364963503649635, 0.04744525547445255, 0.0364963503649635, 0.0364963503649635, 0.0364963503649635, 0.0364963503649635, 0.0364963503649635, 0.0364963503649635], [0.02185792349726776, 0.029143897996357013, 0.020036429872495445, 0.018214936247723135, 0.04735883424408015, 0.02185792349726776, 0.025500910746812388, 0.018214936247723135, 0.29690346083788705, 0.03642987249544627, 0.023679417122040074, 0.04007285974499089, 0.018214936247723135, 0.0273224043715847, 0.018214936247723135, 0.02185792349726776, 0.018214936247723135, 0.018214936247723135, 0.09289617486338798, 0.025500910746812388, 0.018214936247723135, 0.018214936247723135, 0.10564663023679417, 0.018214936247723135], [0.02680965147453083, 0.02680965147453083, 0.02680965147453083, 0.02680965147453083, 0.06970509383378017, 0.02680965147453083, 0.032171581769437, 0.02680965147453083, 0.040214477211796246, 0.2037533512064343, 0.02680965147453083, 0.032171581769437, 0.02680965147453083, 0.02680965147453083, 0.045576407506702415, 0.02680965147453083, 0.02680965147453083, 0.02680965147453083, 0.04825737265415549, 0.045576407506702415, 0.03753351206434316, 0.03753351206434316, 0.040214477211796246, 0.045576407506702415], [0.11029411764705882, 0.024509803921568627, 0.024509803921568627, 0.04411764705882353, 0.029411764705882353, 0.024509803921568627, 0.024509803921568627, 0.024509803921568627, 0.024509803921568627, 0.024509803921568627, 0.20833333333333334, 0.02696078431372549, 0.056372549019607844, 0.0392156862745098, 0.041666666666666664, 0.024509803921568627, 0.024509803921568627, 0.03431372549019608, 0.03431372549019608, 0.024509803921568627, 0.024509803921568627, 0.024509803921568627, 0.04656862745098039, 0.03431372549019608], [0.053475935828877004, 0.0374331550802139, 0.026737967914438502, 0.026737967914438502, 0.06417112299465241, 0.026737967914438502, 0.026737967914438502, 0.026737967914438502, 0.05614973262032086, 0.026737967914438502, 0.026737967914438502, 0.18983957219251338, 0.026737967914438502, 0.026737967914438502, 0.026737967914438502, 0.026737967914438502, 0.026737967914438502, 0.026737967914438502, 0.10160427807486631, 0.026737967914438502, 0.026737967914438502, 0.026737967914438502, 0.0374331550802139, 0.03208556149732621], [0.17848970251716248, 0.059496567505720827, 0.02288329519450801, 0.036613272311212815, 0.02288329519450801, 0.02288329519450801, 0.02288329519450801, 0.038901601830663615, 0.02288329519450801, 0.02288329519450801, 0.034324942791762014, 0.02745995423340961, 0.19679633867276888, 0.02288329519450801, 0.02745995423340961, 0.02288329519450801, 0.02288329519450801, 0.05263157894736842, 0.02745995423340961, 0.02288329519450801, 0.02288329519450801, 0.02288329519450801, 0.02288329519450801, 0.02288329519450801], [0.05, 0.03571428571428571, 0.05, 0.04642857142857143, 0.03571428571428571, 0.03571428571428571, 0.03571428571428571, 0.03571428571428571, 0.05357142857142857, 0.03571428571428571, 0.04642857142857143, 0.03571428571428571, 0.03571428571428571, 0.07142857142857142, 0.03571428571428571, 0.03571428571428571, 0.03571428571428571, 0.03571428571428571, 0.05357142857142857, 0.03571428571428571, 0.03571428571428571, 0.03571428571428571, 0.05714285714285714, 0.03571428571428571], [0.02336448598130841, 0.02570093457943925, 0.02336448598130841, 0.02336448598130841, 0.11448598130841121, 0.02336448598130841, 0.02336448598130841, 0.02336448598130841, 0.035046728971962614, 0.053738317757009345, 0.02336448598130841, 0.02336448598130841, 0.02336448598130841, 0.02336448598130841, 0.25, 0.02570093457943925, 0.02336448598130841, 0.02570093457943925, 0.03271028037383177, 0.04672897196261682, 0.04439252336448598, 0.02336448598130841, 0.02336448598130841, 0.04205607476635514], [0.038910505836575876, 0.038910505836575876, 0.038910505836575876, 0.038910505836575876, 0.038910505836575876, 0.038910505836575876, 0.038910505836575876, 0.038910505836575876, 0.038910505836575876, 0.042801556420233464, 0.038910505836575876, 0.038910505836575876, 0.038910505836575876, 0.038910505836575876, 0.038910505836575876, 0.07003891050583658, 0.038910505836575876, 0.038910505836575876, 0.038910505836575876, 0.038910505836575876, 0.038910505836575876, 0.0622568093385214, 0.038910505836575876, 0.04669260700389105], [0.03968253968253968, 0.03968253968253968, 0.047619047619047616, 0.03968253968253968, 0.03968253968253968, 0.05555555555555555, 0.03968253968253968, 0.03968253968253968, 0.03968253968253968, 0.03968253968253968, 0.03968253968253968, 0.03968253968253968, 0.03968253968253968, 0.03968253968253968, 0.03968253968253968, 0.03968253968253968, 0.051587301587301584, 0.03968253968253968, 0.047619047619047616, 0.03968253968253968, 0.03968253968253968, 0.03968253968253968, 0.04365079365079365, 0.03968253968253968], [0.0726643598615917, 0.03460207612456748, 0.03460207612456748, 0.04844290657439446, 0.03460207612456748, 0.03460207612456748, 0.03460207612456748, 0.05190311418685121, 0.03460207612456748, 0.03460207612456748, 0.05536332179930796, 0.03460207612456748, 0.06228373702422145, 0.03460207612456748, 0.03460207612456748, 0.03460207612456748, 0.03460207612456748, 0.08650519031141868, 0.03460207612456748, 0.03460207612456748, 0.03460207612456748, 0.03460207612456748, 0.03460207612456748, 0.03460207612456748], [0.014925373134328358, 0.022388059701492536, 0.014925373134328358, 0.014925373134328358, 0.1, 0.03582089552238806, 0.016417910447761194, 0.014925373134328358, 0.0880597014925373, 0.022388059701492536, 0.014925373134328358, 0.04328358208955224, 0.014925373134328358, 0.019402985074626865, 0.022388059701492536, 0.014925373134328358, 0.01791044776119403, 0.019402985074626865, 0.3597014925373134, 0.026865671641791045, 0.01791044776119403, 0.014925373134328358, 0.022388059701492536, 0.04626865671641791], [0.028328611898016998, 0.028328611898016998, 0.028328611898016998, 0.028328611898016998, 0.0339943342776204, 0.04815864022662889, 0.0339943342776204, 0.028328611898016998, 0.056657223796033995, 0.039660056657223795, 0.028328611898016998, 0.028328611898016998, 0.028328611898016998, 0.028328611898016998, 0.05099150141643059, 0.028328611898016998, 0.0339943342776204, 0.028328611898016998, 0.039660056657223795, 0.21246458923512748, 0.0339943342776204, 0.028328611898016998, 0.0453257790368272, 0.031161473087818695], [0.0353356890459364, 0.0353356890459364, 0.0353356890459364, 0.0353356890459364, 0.04946996466431095, 0.0353356890459364, 0.0353356890459364, 0.04240282685512368, 0.0353356890459364, 0.04946996466431095, 0.0353356890459364, 0.0353356890459364, 0.0353356890459364, 0.0353356890459364, 0.06007067137809187, 0.0353356890459364, 0.0353356890459364, 0.0353356890459364, 0.0353356890459364, 0.04946996466431095, 0.0989399293286219, 0.0353356890459364, 0.04240282685512368, 0.04240282685512368], [0.03937007874015748, 0.03937007874015748, 0.03937007874015748, 0.03937007874015748, 0.03937007874015748, 0.03937007874015748, 0.03937007874015748, 0.03937007874015748, 0.03937007874015748, 0.03937007874015748, 0.03937007874015748, 0.03937007874015748, 0.05511811023622047, 0.03937007874015748, 0.047244094488188976, 0.05511811023622047, 0.03937007874015748, 0.03937007874015748, 0.03937007874015748, 0.03937007874015748, 0.05511811023622047, 0.03937007874015748, 0.03937007874015748, 0.03937007874015748], [0.02956989247311828, 0.05913978494623656, 0.02956989247311828, 0.03494623655913978, 0.03494623655913978, 0.026881720430107527, 0.026881720430107527, 0.026881720430107527, 0.12096774193548387, 0.0456989247311828, 0.06182795698924731, 0.043010752688172046, 0.026881720430107527, 0.03763440860215054, 0.026881720430107527, 0.026881720430107527, 0.026881720430107527, 0.026881720430107527, 0.056451612903225805, 0.026881720430107527, 0.026881720430107527, 0.026881720430107527, 0.11827956989247312, 0.03225806451612903], [0.028985507246376812, 0.03768115942028986, 0.028985507246376812, 0.028985507246376812, 0.05507246376811594, 0.034782608695652174, 0.028985507246376812, 0.028985507246376812, 0.034782608695652174, 0.03768115942028986, 0.06376811594202898, 0.06376811594202898, 0.028985507246376812, 0.028985507246376812, 0.03188405797101449, 0.028985507246376812, 0.034782608695652174, 0.028985507246376812, 0.06666666666666667, 0.028985507246376812, 0.034782608695652174, 0.028985507246376812, 0.028985507246376812, 0.1565217391304348]], "haydn": [[0.04905660377358491, 0.03773584905660377, 0.03773584905660377, 0.03773584905660377, 0.03773584905660377, 0.03773584905660377, 0.03773584905660377, 0.03773584905660377, 0.03773584905660377, 0.03773584905660377, 0.06037735849056604, 0.06792452830188679, 0.03773584905660377, 0.03773584905660377, 0.04150943396226415, 0.03773584905660377, 0.03773584905660377, 0.03773584905660377, 0.045283018867924525, 0.03773584905660377, 0.03773584905660377, 0.03773584905660377, 0.04905660377358491, 0.045283018867924525], [0.048507462686567165, 0.05223880597014925, 0.03731343283582089, 0.03731343283582089, 0.03731343283582089, 0.03731343283582089, 0.03731343283582089, 0.03731343283582089, 0.055970149253731345, 0.03731343283582089, 0.03731343283582089, 0.04477611940298507, 0.04477611940298507, 0.03731343283582089, 0.03731343283582089, 0.03731343283582089, 0.03731343283582089, 0.03731343283582089, 0.03731343283582089, 0.03731343283582089, 0.03731343283582089, 0.03731343283582089, 0.08208955223880597, 0.03731343283582089], [0.04149377593360996, 0.04149377593360996, 0.04149377593360996, 0.04149377593360996, 0.04149377593360996, 0.04149377593360996, 0.04149377593360996, 0.04149377593360996, 0.04149377593360996, 0.04149377593360996, 0.04149377593360996, 0.04149377593360996, 0.04149377593360996, 0.04564315352697095, 0.04149377593360996, 0.04149377593360996, 0.04149377593360996, 0.04149377593360996, 0.04149377593360996, 0.04149377593360996, 0.04149377593360996, 0.04149377593360996, 0.04149377593360996, 0.04149377593360996], [0.03802281368821293, 0.049429657794676805, 0.03802281368821293, 0.060836501901140684, 0.03802281368821293, 0.03802281368821293, 0.03802281368821293, 0.03802281368821293, 0.03802281368821293, 0.03802281368821293, 0.045627376425855515, 0.03802281368821293, 0.03802281368821293, 0.03802281368821293, 0.03802281368821293, 0.03802281368821293, 0.045627376425855515, 0.03802281368821293, 0.03802281368821293, 0.03802281368821293, 0.03802281368821293, 0.03802281368821293, 0.07604562737642585, 0.03802281368821293], [0.03436426116838488, 0.03436426116838488, 0.03436426116838488, 0.03436426116838488, 0.09621993127147767, 0.03436426116838488, 0.03436426116838488, 0.03436426116838488, 0.037800687285223365, 0.048109965635738834, 0.03436426116838488, 0.048109965635738834, 0.03436426116838488, 0.03436426116838488, 0.05154639175257732, 0.03436426116838488, 0.03436426116838488, 0.03436426116838488, 0.08934707903780069, 0.03436426116838488, 0.03436426116838488, 0.03436426116838488, 0.03436426116838488, 0.044673539518900345], [0.04081632653061224, 0.04081632653061224, 0.04081632653061224, 0.04081632653061224, 0.04081632653061224, 0.04081632653061224, 0.04081632653061224, 0.04081632653061224, 0.04081632653061224, 0.04081632653061224, 0.04081632653061224, 0.04081632653061224, 0.04081632653061224, 0.04081632653061224, 0.05714285714285714, 0.04081632653061224, 0.04081632653061224, 0.04081632653061224, 0.04081632653061224, 0.044897959183673466, 0.04081632653061224, 0.04081632653061224, 0.04081632653061224, 0.04081632653061224], [0.0411522633744856, 0.0411522633744856, 0.0411522633744856, 0.0411522633744856, 0.0411522633744856, 0.053497942386831275, 0.0411522633744856, 0.0411522633744856, 0.0411522633744856, 0.0411522633744856, 0.0411522633744856, 0.0411522633744856, 0.0411522633744856, 0.0411522633744856, 0.0411522633744856, 0.0411522633744856, 0.0411522633744856, 0.0411522633744856, 0.0411522633744856, 0.0411522633744856, 0.0411522633744856, 0.0411522633744856, 0.0411522633744856, 0.0411522633744856], [0.041666666666666664, 0.041666666666666664, 0.041666666666666664, 0.041666666666666664, 0.041666666666666664, 0.041666666666666664, 0.041666666666666664, 0.041666666666666664, 0.041666666666666664, 0.041666666666666664, 0.041666666666666664, 0.041666666666666664, 0.041666666666666664, 0.041666666666666664, 0.041666666666666664, 0.041666666666666664, 0.041666666666666664, 0.041666666666666664, 0.041666666666666664, 0.041666666666666664, 0.041666666666666664, 0.041666666666666664, 0.041666666666666664, 0.041666666666666664], [0.028089887640449437, 0.03932584269662921, 0.028089887640449437, 0.042134831460674156, 0.03651685393258427, 0.028089887640449437, 0.028089887640449437, 0.028089887640449437, 0.16573033707865167, 0.028089887640449437, 0.03089887640449438, 0.03651685393258427, 0.028089887640449437, 0.05056179775280899, 0.028089887640449437, 0.028089887640449437, 0.028089887640449437, 0.028089887640449437, 0.08426966292134831, 0.05337078651685393, 0.028089887640449437, 0.028089887640449437, 0.06741573033707865, 0.028089887640449437], [0.03731343283582089, 0.03731343283582089, 0.03731343283582089, 0.03731343283582089, 0.03731343283582089, 0.03731343283582089, 0.03731343283582089, 0.03731343283582089, 0.04477611940298507, 0.08208955223880597, 0.03731343283582089, 0.03731343283582089, 0.03731343283582089, 0.04477611940298507, 0.05223880597014925, 0.03731343283582089, 0.03731343283582089, 0.03731343283582089, 0.03731343283582089, 0.04477611940298507, 0.04477611940298507, 0.03731343283582089, 0.05223880597014925, 0.03731343283582089], [0.0627062706270627, 0.033003300330033, 0.033003300330033, 0.0594059405940594, 0.036303630363036306, 0.033003300330033, 0.033003300330033, 0.033003300330033, 0.033003300330033, 0.033003300330033, 0.11221122112211221, 0.036303630363036306, 0.036303630363036306, 0.039603960396039604, 0.033003300330033, 0.033003300330033, 0.033003300330033, 0.033003300330033, 0.033003300330033, 0.033003300330033, 0.033003300330033, 0.033003300330033, 0.07260726072607261, 0.04950495049504951], [0.04946996466431095, 0.038869257950530034, 0.0353356890459364, 0.0353356890459364, 0.045936395759717315, 0.0353356890459364, 0.0353356890459364, 0.0353356890459364, 0.04946996466431095, 0.0353356890459364, 0.053003533568904596, 0.10954063604240283, 0.0353356890459364, 0.0353356890459364, 0.04240282685512368, 0.0353356890459364, 0.0353356890459364, 0.0353356890459364, 0.04240282685512368, 0.0353356890459364, 0.0353356890459364, 0.0353356890459364, 0.0353356890459364, 0.038869257950530034], [0.044897959183673466, 0.04897959183673469, 0.04081632653061224, 0.04081632653061224, 0.04081632653061224, 0.04081632653061224, 0.04081632653061224, 0.04081632653061224, 0.044897959183673466, 0.04081632653061224, 0.04081632653061224, 0.04081632653061224, 0.044897959183673466, 0.04081632653061224, 0.04081632653061224, 0.04081632653061224, 0.04081632653061224, 0.04081632653061224, 0.04081632653061224, 0.04081632653061224, 0.04081632653061224, 0.04081632653061224, 0.04081632653061224, 0.04081632653061224], [0.0353356890459364, 0.04240282685512368, 0.038869257950530034, 0.0353356890459364, 0.0353356890459364, 0.0353356890459364, 0.0353356890459364, 0.0353356890459364, 0.0636042402826855, 0.045936395759717315, 0.04946996466431095, 0.0353356890459364, 0.038869257950530034, 0.0989399293286219, 0.0353356890459364, 0.0353356890459364, 0.0353356890459364, 0.0353356890459364, 0.0353356890459364, 0.0353356890459364, 0.0353356890459364, 0.0353356890459364, 0.05653710247349823, 0.0353356890459364], [0.03859649122807018, 0.03508771929824561, 0.03508771929824561, 0.03508771929824561, 0.06315789473684211, 0.03508771929824561, 0.03508771929824561, 0.03508771929824561, 0.03508771929824561, 0.04912280701754386, 0.04912280701754386, 0.03508771929824561, 0.03508771929824561, 0.03508771929824561, 0.07719298245614035, 0.03508771929824561, 0.03508771929824561, 0.03508771929824561, 0.03508771929824561, 0.06315789473684211, 0.056140350877192984, 0.03508771929824561, 0.03508771929824561, 0.042105263157894736], [0.041666666666666664, 0.041666666666666664, 0.041666666666666664, 0.041666666666666664, 0.041666666666666664, 0.041666666666666664, 0.041666666666666664, 0.041666666666666664, 0.041666666666666664, 0.041666666666666664, 0.041666666666666664, 0.041666666666666664, 0.041666666666666664, 0.041666666666666664, 0.041666666666666664, 0.041666666666666664, 0.041666666666666664, 0.041666666666666664, 0.041666666666666664, 0.041666666666666664, 0.041666666666666664, 0.041666666666666664, 0.041666666666666664, 0.041666666666666664], [0.04132231404958678, 0.045454545454545456, 0.04132231404958678, 0.04132231404958678, 0.04132231404958678, 0.04132231404958678, 0.04132231404958678, 0.04132231404958678, 0.04132231404958678, 0.04132231404958678, 0.04132231404958678, 0.04132231404958678, 0.04132231404958678, 0.045454545454545456, 0.04132231404958678, 0.04132231404958678, 0.04132231404958678, 0.04132231404958678, 0.04132231404958678, 0.04132231404958678, 0.04132231404958678, 0.04132231404958678, 0.04132231404958678, 0.04132231404958678], [0.041666666666666664, 0.041666666666666664, 0.041666666666666664, 0.041666666666666664, 0.041666666666666664, 0.041666666666666664, 0.041666666666666664, 0.041666666666666664, 0.041666666666666664, 0.041666666666666664, 0.041666666666666664, 0.041666666666666664, 0.041666666666666664, 0.041666666666666664, 0.041666666666666664, 0.041666666666666664, 0.041666666666666664, 0.041666666666666664, 0.041666666666666664, 0.041666666666666664, 0.041666666666666664, 0.041666666666666664, 0.041666666666666664, 0.041666666666666664], [0.03684210526315789, 0.034210526315789476, 0.02631578947368421, 0.02631578947368421, 0.06578947368421052, 0.02631578947368421, 0.02631578947368421, 0.02631578947368421, 0.07105263157894737, 0.02631578947368421, 0.02631578947368421, 0.02894736842105263, 0.02631578947368421, 0.02631578947368421, 0.031578947368421054, 0.02631578947368421, 0.02631578947368421, 0.02631578947368421, 0.21842105263157896, 0.02631578947368421, 0.02631578947368421, 0.02631578947368421, 0.031578947368421054, 0.0868421052631579], [0.03690036900369004, 0.03690036900369004, 0.03690036900369004, 0.04428044280442804, 0.03690036900369004, 0.04797047970479705, 0.04797047970479705, 0.03690036900369004, 0.055350553505535055, 0.04797047970479705, 0.03690036900369004, 0.03690036900369004, 0.03690036900369004, 0.03690036900369004, 0.055350553505535055, 0.03690036900369004, 0.03690036900369004, 0.03690036900369004, 0.03690036900369004, 0.06642066420664207, 0.04428044280442804, 0.03690036900369004, 0.03690036900369004, 0.03690036900369004], [0.038461538461538464, 0.038461538461538464, 0.038461538461538464, 0.038461538461538464, 0.046153846153846156, 0.038461538461538464, 0.038461538461538464, 0.038461538461538464, 0.038461538461538464, 0.038461538461538464, 0.038461538461538464, 0.038461538461538464, 0.038461538461538464, 0.038461538461538464, 0.057692307692307696, 0.038461538461538464, 0.038461538461538464, 0.038461538461538464, 0.038461538461538464, 0.046153846153846156, 0.08076923076923077, 0.038461538461538464, 0.038461538461538464, 0.038461538461538464], [0.041666666666666664, 0.041666666666666664, 0.041666666666666664, 0.041666666666666664, 0.041666666666666664, 0.041666666666666664, 0.041666666666666664, 0.041666666666666664, 0.041666666666666664, 0.041666666666666664, 0.041666666666666664, 0.041666666666666664, 0.041666666666666664, 0.041666666666666664, 0.041666666666666664, 0.041666666666666664, 0.041666666666666664, 0.041666666666666664, 0.041666666666666664, 0.041666666666666664, 0.041666666666666664, 0.041666666666666664, 0.041666666666666664, 0.041666666666666664], [0.02617801047120419, 0.041884816753926704, 0.02617801047120419, 0.031413612565445025, 0.028795811518324606, 0.02617801047120419, 0.02617801047120419, 0.02617801047120419, 0.08115183246073299, 0.031413612565445025, 0.06806282722513089, 0.02617801047120419, 0.02617801047120419, 0.0549738219895288, 0.031413612565445025, 0.02617801047120419, 0.02617801047120419, 0.02617801047120419, 0.03926701570680628, 0.02617801047120419, 0.02617801047120419, 0.02617801047120419, 0.225130890052356, 0.02617801047120419], [0.039285714285714285, 0.04285714285714286, 0.03571428571428571, 0.03571428571428571, 0.03571428571428571, 0.03571428571428571, 0.03571428571428571, 0.03571428571428571, 0.04642857142857143, 0.03571428571428571, 0.039285714285714285, 0.05, 0.03571428571428571, 0.03571428571428571, 0.04285714285714286, 0.03571428571428571, 0.03571428571428571, 0.03571428571428571, 0.11071428571428571, 0.03571428571428571, 0.03571428571428571, 0.03571428571428571, 0.04285714285714286, 0.05]], "beethoven": [[0.30403800475059384, 0.023752969121140142, 0.04513064133016627, 0.028503562945368172, 0.028503562945368172, 0.023752969121140142, 0.023752969121140142, 0.030878859857482184, 0.023752969121140142, 0.023752969121140142, 0.04275534441805225, 0.035629453681710214, 0.0688836104513064, 0.026128266033254157, 0.023752969121140142, 0.023752969121140142, 0.023752969121140142, 0.030878859857482184, 0.023752969121140142, 0.023752969121140142, 0.030878859857482184, 0.03800475059382423, 0.028503562945368172, 0.023752969121140142], [0.02457002457002457, 0.2727272727272727, 0.03194103194103194, 0.02702702702702703, 0.02457002457002457, 0.02457002457002457, 0.02457002457002457, 0.02457002457002457, 0.02702702702702703, 0.02457002457002457, 0.029484029484029485, 0.0343980343980344, 0.03194103194103194, 0.036855036855036855, 0.029484029484029485, 0.02457002457002457, 0.02457002457002457, 0.02457002457002457, 0.11302211302211303, 0.02457002457002457, 0.02702702702702703, 0.02457002457002457, 0.03931203931203931, 0.029484029484029485], [0.03537735849056604, 0.02358490566037736, 0.27358490566037735, 0.02358490566037736, 0.02830188679245283, 0.02358490566037736, 0.0330188679245283, 0.02830188679245283, 0.02358490566037736, 0.025943396226415096, 0.02830188679245283, 0.02358490566037736, 0.09905660377358491, 0.03773584905660377, 0.02358490566037736, 0.04716981132075472, 0.03773584905660377, 0.02830188679245283, 0.02358490566037736, 0.02358490566037736, 0.02358490566037736, 0.03773584905660377, 0.02358490566037736, 0.02358490566037736], [0.036312849162011177, 0.027932960893854747, 0.030726256983240222, 0.2877094972067039, 0.027932960893854747, 0.027932960893854747, 0.030726256983240222, 0.027932960893854747, 0.0335195530726257, 0.027932960893854747, 0.030726256983240222, 0.027932960893854747, 0.030726256983240222, 0.030726256983240222, 0.027932960893854747, 0.027932960893854747, 0.0335195530726257, 0.036312849162011177, 0.027932960893854747, 0.027932960893854747, 0.027932960893854747, 0.027932960893854747, 0.055865921787709494, 0.027932960893854747], [0.016666666666666666, 0.015277777777777777, 0.016666666666666666, 0.013888888888888888, 0.43472222222222223, 0.018055555555555554, 0.013888888888888888, 0.013888888888888888, 0.018055555555555554, 0.03333333333333333, 0.025, 0.044444444444444446, 0.013888888888888888, 0.013888888888888888, 0.06388888888888888, 0.03611111111111111, 0.013888888888888888, 0.013888888888888888, 0.05, 0.013888888888888888, 0.020833333333333332, 0.015277777777777777, 0.015277777777777777, 0.06527777777777778], [0.02288329519450801, 0.02288329519450801, 0.02288329519450801, 0.02288329519450801, 0.02288329519450801, 0.32265446224256294, 0.032036613272311214, 0.02288329519450801, 0.02745995423340961, 0.02517162471395881, 0.02288329519450801, 0.02288329519450801, 0.02288329519450801, 0.02288329519450801, 0.029748283752860413, 0.02745995423340961, 0.041189931350114416, 0.02288329519450801, 0.057208237986270026, 0.05491990846681922, 0.057208237986270026, 0.02745995423340961, 0.02288329519450801, 0.02288329519450801], [0.014044943820224719, 0.014044943820224719, 0.018258426966292134, 0.014044943820224719, 0.016853932584269662, 0.0280898